20 20
18 38 35 13 7 37 7 35 45 33 38 39 29 17 14 8 31 26 42 8
8 27 35 31 41 2 30 7 3 37 17 43 26 32 46 46 6 1 29 13
27 43 21 50 40 39 37 4 40 5 13 34 24 18 41 47 7 9 50 13
2 30 8 4 13 29 47 1 28 21 8 5 48 30 21 44 40 12 12 24
35 4 10 46 38 22 6 23 6 8 47 32 6 46 22 43 38 2 19 46
24 19 49 32 26 8 45 30 16 27 39 48 12 46 45 48 43 14 50 8
36 48 12 18 30 22 6 1 14 36 26 8 27 43 37 22 47 41 1 9
15 47 21 20 45 17 27 23 45 45 16 24 36 36 13 14 32 16 18 36
40 19 7 50 30 46 45 15 30 39 49 48 43 42 6 32 1 22 9 7
41 36 32 2 7 43 38 18 41 19 50 49 37 20 19 20 21 25 32 18
46 26 36 43 20 50 31 31 48 44 28 36 40 3 38 42 3 5 17 49
50 28 35 28 13 14 15 21 9 21 21 9 36 28 44 40 41 28 42 44
36 15 5 34 43 28 23 2 46 13 26 22 39 2 1 1 29 49 42 34
7 12 29 3 49 24 38 45 45 21 26 19 43 1 28 29 3 46 35 31
26 37 15 18 31 44 38 24 24 29 1 43 16 22 10 39 23 14 39 35
38 22 21 2 25 49 17 43 3 41 3 8 18 42 13 45 37 18 30 18
44 23 38 25 20 43 27 40 1 27 18 47 22 12 50 32 30 12 43 46
23 38 32 38 50 50 3 36 11 50 30 19 38 1 42 24 32 10 31 7
22 29 33 47 3 6 8 31 34 38 36 15 29 4 14 32 33 39 48 25
20 10 33 11 22 5 50 6 35 3 36 41 20 12 16 18 27 18 5 42
1 10 5